46261
37336
21833
2145
10660
3032
7861
18496
23034
25296
25357
24025
34703
29098
28711
32797
7654
38545
863
26810
4766
41470
45802
43624
31017
27706
11854
2387
3389
10939
27718
49651
14627
49552
18148
25288
18936
26010
43784
41970
1306
35494
32347
36009
14592
27411
18806
38598
15956
36022
31760
37074
27492
27562
30698
24861
21620
42552
27248
41362
19844
21319
7365
34471
37223
25513
9759
6159
1523
19896
48130
19181
5390
46829
5191
36334
40592
40349
41284
6548
26371
23044
9975
20216
606
40673
45077
38579
49578
38678
29941
19422
9997
37306
3893
47220
12819
30005
19731
30695
49901
34213
49876
21643
31043
21419
7977
21635
28121
49261
44536
20844
38657
4511
41060
39263
11536
2490
27842
11114
7520
24135
46888
33869
11441
17134
47441
40613
13491
17172
21308
13392
1386
37536
35035
48781
8956
9364
36768
3429
8625
31304
24273
47282
2167
31686
2897
13704
528
47092
41170
8048
21227
4411
8269
49021
21545
5710
39634
35036
39234
27294
14780
6972
14830
16167
5753
40138
25531
42522
9919
508
40178
34193
14142
42346
32231
33391
22402
32759
30483
29924
7159
18063
34335
31780
33436
22232
3842
39422
23620
43076
16716
38400
16401
47898
4567
22154
38037
30098
31028
14308
46958
21207
48501
11100
29905
47084
44492
18659
46195
41327
14935
3354
25742
15623
1486
9178
37855
5328
48600
11476
14757
15316
16228
31158
29567
20796
19664
33956
17246
693
48264
30557
38252
13118
41657
34509
10202
2501
19520
6398
43829
34455
26104
19571
16430
27591
45102
20638
49271
43702
32114
14028
25371
14694
45186
4938
1842
14851
38894
19089
31896
3510
15998
36500
16628
7655
21009
43183
10157
6881
49581
20338
7688
42037
6261
24119
35980
1363
44757
35252
11418
43223
15632
36789
7917
27171
8079
9760
8374
13325
45201
40270
16835
11199
43122
49816
35206
14131
42999
11715
37364
8932
32053
45052
969
38315
19171
3302
6030
30280
4906
17448
23503
20538
20589
31421
14061
45020
7533
22435
8345
19086
29057
41533
46637
22179
41349
31843
2662
34348
43559
40026
43280
41964
35079
10601
46631
20602
13903
2662
883
35161
36462
40738
5700
23404
22159
19761
18424
46044
8549
26770
15130
37606
34655
28119
9786
42356
9963
12448
26704
19874
18827
36336
28190
20258
13289
24822
7212
43545
43836
8095
28706
46650
48834
34406
20054
37345
20520
38479
49742
29069
31601
31224
16675
16256
9344
42813
8612
35659
21614
1668
5533
40441
4356
75
27051
17645
24897
34263
11190
35085
42359
39897
31736
7545
40655
1790
11242
27527
40269
10984
22948
21870
8561
5976
38126
17905
48789
13090
3564
20403
14758
25449
27196
19114
25524
4247
36760
16774
38511
14302
1859
47222
20551
33595
4767
11207
35386
32361
5086
42007
43346
28035
13878
18259
34011
18356
36164
49152
31447
6080
19556
46205
47881
13104
15320
39757
17352
18432
6531
22215
32734
24743
19437
19638
8338
40556
47197
10076
22917
2283
18436
32615
30318
32314
874
30681
17022
3390
29834
48469
9470
15742
11027
23703
28846
42699
13461
12550
11131
19992
34765
10217
44735
4202
46207
19426
11110
43404
45854
34028
45688
14290
32995
42358
12956
33870
23040
29979
3612
19226
44800
29435
34968
5827
3138
30166
48526
16599
42717
26009
2944
27482
2579
14031
48037
48786
33457
9147
42191
45664
9527
4231
26306
42523
46589
39263
42745
35981
35594
46357
21559
30394
25792
22879
2574
28931
3046
17452
11882
45763
9814
14826
39597
12393
28858
37634
27531
28667
13134
36074
24331
22661
40305
638
15184
3247
6253
24281
5580
41847
36991
27140
22241
12783
19
41167
8066
3065
8620
36301
15180
18434
1127
21130
47179
46337
8764
24710
25005
38250
27137
49336
10912
17442
16326
42448
37041
22579
16730
42622
14426
20073
36114
3020
32856
36133
44187
7275
5551
2807
43576
37083
21241
11055
8213
34772
7393
33330
9483
32398
21580
36620
48086
32492
20414
14413
41293
23808
3344
24375
16430
34123
44448
18896
37143
43656
5029
47682
17283
26932
16842
27211
14016
4435
38267
22229
39208
12012
5559
48691
10762
43492
1663
8848
42336
38429
39613
33629
12237
9310
24356
45019
43433
18804
13915
46928
28813
35297
44610
46096
12229
11452
23308
42597
32240
27927
14827
21448
39939
36738
36491
701
46582
4506
25901
38919
42935
31867
38900
21525
41177
13257
32896
962
32061
13164
47890
27226
48461
8852
23323
27042
36657
46631
19640
18897
40910
819
40345
30849
3909
43188
47902
16844
47694
40155
5763
6981
38374
44663
44858
29551
24272
27755
46865
22686
40919
44755
49912
5732
19960
23235
49126
6617
36218
35118
25514
27128
2289
32211
24329
22551
25399
38583
39395
39445
28739
11510
46426
17113
6173
41285
13017
46798
35392
26234
19484
42663
37342
19396
14747
7302
8984
30225
13919
45202
15344
5785
38683
33985
4348
29364
22888
29747
17948
12283
35544
13039
23793
48322
46504
46319
5959
25873
43117
41351
2108
28953
366
39450
48349
15113
13104
23685
11691
27023
18888
43387
49160
23923
27372
3508
19639
261
49607
3939
28896
35151
16978
19042
33473
29835
15361
5785
22060
24830
13488
40520
3783
13855
46322
18484
45320
9426
42170
7011
2801
27410
398
1961
17685
27771
5469
37324
44384
5076
41264
39632
6579
24594
8674
6405
20781
40387
12190
9194
15217
25678
49714
35352
39533
46037
20189
34854
21815
28711
8217
24617
6121
8616
26578
40158
2739
48400
27482
47123
3476
35098
36755
26408
26045
45430
32813
13178
35817
45003
22372
17387
37033
22087
19091
26567
34476
5632
27773
6291
34343
35990
30908
6816
10958
23839
46974
13697
38591
40809
10820
42067
42259
13928
34827
18304
25710
17640
31483
27879
12643
20207
11618
49677
42294
30710
42596
43122
36342
36721
49414
20686
39063
46674
43854
22
36865
40829
30071
25456
31638
40892
33876
40249
21172
18703
8554
46882
36344
6389
24761
15339
26596
2732
31368
35243
33442
40316
28365
36136
27037
44131
23174
32453
7158
17029
48827
44023
7858
28898
19480
5848
36142
19708
46097
7314
38411
21003
20548
41107
43744
11662
22799
36693
14394
4167
38288
14188
10836
16653
324
37873
27137
39851
36678
34295
6880
35505
28318
31090
30756
14150
3290
16898
210
15739
40565
4974
3095
11113
46081
46839
39127
35232
49884
3521
39400
38172
17709
16588
21178
34386
20813
48315
24237
7492
48962
31117
9349
27280
28559
40105
7783
31849
7004
7993
13940
13921
12967
17035
25034
25401
13875
14162
10633
30111
34035
16385
18284
18097
49325
39462
2483
20139
4129
43072
27631
3091
40541
36980
46723
19100
43438
4506
17301
16794
28852
31241
30715
8171
14629
22101
49924
44856
2615
26910
24967
36651
9647
43251
21100
8973
49065
39935
29112
3194
33007
6743
22637
39900
10075
19361
25352
3513
40219
42653
36659
35423
40246
17374
9947
4875
39476
9871
49731
42091
3133
41051
45094
12781
34302
16194
21754
49720
6129
17218
2914
5488
40313
41904
45388
388
11265
37092
20254
17836
46097
6913
3260
36344
40640
13207
7571
30116
39430
23655
38559
42564
31058
33654
5345
15360
16200
43451
15080
38682
27021
34347
44170
17334
42603
5911
34074
3868
43003
20680
38056
5453
27594
7668
41797
34586
37227
15720
14702
26658
5727
19613
19222
36785
19619
40919
18498
35820
722
49930
24502
27743
629
35024
45077
43232
7287
29151
13452
16643
49832
1509
22096
43778
25529
30245
28364
12757
12317
9418
39415
34397
45383
24989
21182
15003
15908
6032
823
32982
5963
41677
10725
22944
43053
22154
16177
16693
1305
45981
33336
17489
47490
21784
27619
23020
2029
22335
2129
30698
48105
41544
15095
43489
16533
36278
8492
48793
8662
25667
31775
14625
17344
8852
37570
10397
31006
20099
43442
48663
16080
26778
16153
29923
48562
10124
19295
16943
32460
21424
47642
46917
12968
12737
40406
45853
15367
48898
44646
24030
24565
42773
5007
8261
1625
42577
35011
32631
29028
28453
31294
45109
5232
13799
25032
20146
23924
44327
3442
22736
15751
1084
19653
45071
30173
26412
40924
45541
25310
1922
35923
16228
44695
40930
24489
46320
49860
25852
45303
28888
4306
26597
23997
25890
40397
15381
46036
30673
9708
49478
19761
41811
16914
5766
3234
13440
32178
44158
25333
23841
46080
11256
6421
7127
18538
30910
19799
18398
6763
15102
13639
27421
41700
3988
3311
48449
19370
49347
45474
45430
15178
15235
3594
48444
37353
6828
11884
19532
17339
37217
9725
29771
14825
16146
36899
33364
13408
6698
18114
36523
38153
31753
13944
46205
2094
17255
11006
37816
32955
6480
33246
14485
38067
3192
12929
25420
10021
41166
11304
43712
28383
37381
23483
43209
3527
10382
42925
16936
33433
11039
3459
21586
9145
17404
34143
27591
1011
45149
15407
33966
1629
15005
48451
6048
18198
11381
47820
44571
18899
25477
38283
47282
12858
11766
6843
16386
38501
49768
49674
38286
27160
19485
26224
2657
3241
10367
30248
4253
5516
45655
4571
23497
10660
3023
29545
45210
30756
43717
39781
49655
19194
44416
13289
32053
6183
20133
14791
11036
36253
30817
49322
29765
302
25546
32422
19896
35913
29022
40501
7781
24677
45072
31278
1690
14447
27175
46900
45203
20892
3034
11210
40087
47450
40852
38492
19985
10985
3283
31021
13590
34100
30343
9708
754
22241
8482
37002
24506
37505
27503
32287
28534
22576
29917
46576
37023
7092
43477
48579
44337
12863
26141
776
26665
16993
39268
46651
44330
8903
44024
24273
9355
24368
33981
10109
12961
42463
13464
37468
46320
40967
19755
24855
29895
49673
21431
33271
23117
31260
31850
17454
10475
24343
34582
37141
41337
23850
33792
35667
32753
27816
9940
8460
18536
10273
34922
31498
2737
48386
35318
15409
39353
5073
40264
19249
21098
28048
2520
10568
25660
722
28022
36136
25065
28957
23277
32754
2807
23421
34774
1913
17589
11066
26725
36126
21340
11647
33976
40429
10033
19294
5838
15739
40719
12455
1340
28170
40503
3860
38738
16163
20934
33112
18651
12351
12069
41928
11458
31229
31701
46232
33142
49291
7298
26219
1769
44990
37867
35745
35419
47900
21391
7610
13639
12110
20065
14979
40280
10568
35191
29018
43083
22477
12131
28087
1181
40552
20015
12639
21781
18069
8871
21275
17360
32521
47495
19129
27512
35362
21226
12931
49614
42617
20541
29606
21079
6958
44585
11360
33878
46129
6730
26962
34958
35213
21401
36139
42118
41416
48778
13899
9485
24001
35175
43197
6523
49022
12326
387
34384
33552
13318
33998
42521
212
13604
13601
23522
24542
41313
7401
37023
14395
715
21981
15961
22116
8121
8079
29884
23251
21978
39370
47253
23505
48919
20128
22527
27598
20515
23263
11150
185
23614
20024
16749
37218
33625
40272
28112
24938
47673
31487
39333
48388
3469
5294
20504
27942
13373
388
17545
1704
6110
31150
25209
21382
1278
14089
48980
38145
37352
26482
4683
10966
46506
21432
14537
30131
28056
9001
21421
42081
40489
10755
40469
43958
32401
27325
38252
12127
44066
5797
30183
16528
36948
21744
37910
4578
35833
3242
9076
39538
29725
13759
504
26231
1543
31393
6363
29600
40395
44136
38033
30884
21243
44855
41194
3645
22180
45798
32124
32598
1595
12307
15479
4895
34051
19741
25826
36237
22984
34902
25775
2709
48661
42631
45292
16556
24025
18007
12508
14420
12144
542
11656
33387
45397
19202
3384
33929
15000
35508
16528
32947
14167
48359
37843
14571
18100
13669
808
7436
14923
42935
26497
13584
35566
21790
46492
25943
39797
9001
6715
18293
9543
18371
1681
21292
3925
21417
5221
18925
23278
38101
1873
37445
36460
6068
18368
20913
36089
35528
28349
1012
28463
4847
30948
30382
42989
27440
22677
49138
2793
29393
17432
28688
14116
35465
49980
18042
6882
5202
3319
30160
43303
21544
33958
46116
27612
2326
33381
13701
4207
11730
31065
49022
32929
12013
29404
25918
5806
2082
25057
8599
47827
8841
37288
11943
44306
37268
46337
17540
8822
49657
14053
18478
21201
48011
30946
15166
16689
14327
45219
20896
26057
26285
36271
25339
4650
15675
1257
10456
34109
42666
19056
48288
1507
22696
10232
12165
26316
22921
29706
35139
22578
43759
19969
10132
8122
915
41650
41163
15242
36869
28412
7651
29506
14683
32990
34157
46710
34248
10965
47172
26914
46373
45460
44774
19069
22044
6939
45386
44966
36645
46877
33896
46756
16846
10380
4878
34113
2030
12394
49355
5252
40806
7006
34758
5489
39997
35267
2199
40597
46233
15723
33863
42606
11184
28637
11676
33228
35577
23414
28194
38574
36643
28443
1683
19841
38823
22913
3954
40854
35307
3309
12458
26113
26667
47216
47954
16664
32484
16506
7261
28717
32229
7477
21323
43413
36114
49351
42994
38043
39117
37540
42970
25760
15983
44653
45601
21159
17566
49555
28365
19226
19216
40823
45339
45884
38039
9646
28900
36875
42504
2514
31944
24733
9991
3268
34499
12457
18971
27493
501
8089
15033
43471
201
47369
4476
45803
18528
38394
11710
46893
7620
47279
37716
19312
9515
42107
28958
4767
28983
21462
7281
10927
12547
33624
30547
47046
46082
15871
40891
12935
23960
22277
22758
24161
35998
27234
36316
4526
15628
14379
17771
39601
28010
21839
8913
37525
13946
4223
42292
9281
42037
15926
36561
4584
49550
33460
17983
11984
49331
25226
24919
39643
47503
47677
30157
33501
24911
32825
4379
6892
13556
38502
46493
41566
10341
21758
29091
40640
25981
37736
16273
18018
3662
2834
38954
19564
2647
23289
47901
18330
48516
22820
24326
12371
20498
4483
45873
11761
3660
16604
35005
17217
5107
47850
8783
31800
19608
4227
22440
11941
41963
38714
46311
11977
7900
1618
47893
26899
24907
45794
45230
23423
34967
35908
35795
5465
6743
48020
33578
10403
30976
34936
27620
36083
32786
2756
34236
18747
6983
6676
47040
15298
11742
9704
43627
35995
11322
7872
12894
36229
20019
24476
26005
4986
10384
11800
26803
17127
26172
26733
27531
7148
11669
21503
9584
10808
40611
43820
45907
13946
16848
42947
29244
28591
19003
39223
14586
30325
13448
43832
32907
33467
18309
8912
38453
28693
20712
15256
12173
13236
41989
6056
20384
20011
27559
29968
30819
18171
40140
26726
48469
6989
36025
27714
1932
5029
33289
16518
1706
46737
26702
34613
30204
45011
43525
35009
40057
30589
16617
2230
43825
8607
8286
30562
28618
2197
10530
25789
36720
17023
18867
35190
24012
21244
29256
25944
42625
12545
8814
44332
25635
35516
45297
22191
46880
38823
7201
36937
35764
23818
39167
29590
48777
13805
10152
43747
16002
37034
35888
2723
4057
4755
37913
44421
42352
17169
36717
34977
46066
11883
45661
21701
13752
40959
10245
10632
46134
33798
13921
48250
23968
19440
27840
22746
33245
4344
32845
15599
7731
18734
18322
28140
39841
22587
22562
48545
6108
25631
49875
2175
37515
45536
40228
1267
2847
16825
28251
15333
623
42172
13584
24592
27964
7776
13690
11209
28473
46535
26808
2556
31621
11483
30696
21463
422
19610
20008
6531
45242
36235
25058
49109
31772
31638
16728
971
14816
44979
16305
15439
3503
46241
40031
31467
4017
20073
9028
48842
16609
2188
1398
48230
30023
32095
36045
30446
18057
22406
3329
29651
8641
44739
28760
6765
42729
45488
24089
7545
6819
6746
22985
26674
2987
29368
24493
23356
49442
49873
22199
32403
18414
23597
46985
48437
22044
49383
45235
40102
38141
14916
19753
46782
26007
14866
19900
18737
26706
43989
26282
49878
735
15619
26552
20074
44988
17398
43430
10782
17271
15629
9537
2037
5579
6522
475
27623
22257
12062
17725
10398
43331
3831
23533
19338
18697
43433
38075
45403
3774
14358
45281
20861
29977
38186
7287
41317
5584
717
18451
39207
32699
27988
41245
4630
863
8072
32253
23120
36486
16331
49871
29817
36514
23404
49156
5211
33189
37231
16966
3315
17941
28600
40528
14271
33138
47815
5588
5074
14884
40392
44281
13935
18380
1878
18565
35595
26302
17171
25068
12789
49854
24939
42606
36368
48343
8114
7931
47884
11698
41249
1199
29639
19849
41727
10262
2987
39542
15851
24413
4426
22595
35047
34714
7327
36925
3279
42923
29580
36802
17991
42369
36656
42930
1327
23024
7625
25794
47307
5509
37492
38557
6708
17131
24758
48435
43746
44098
4329
25949
18511
8755
48544
3558
43469
5871
6836
13101
48794
36416
49903
16785
28785
36560
26067
46464
25936
33692
22258
23244
39201
9750
28153
45909
43234
2911
10696
36980
47009
15025
12929
31873
40133
27825
35431
49954
33696
42267
29407
32491
28683
29311
15628
23820
32223
8048
36637
24511
41740
25247
14107
47294
1350
42260
9555
44584
11524
20252
47916
8533
1629
27197
6758
8114
5022
42190
24421
5070
809
3828
37561
45845
49491
19542
36017
48066
27590
22654
22578
35682
47902
36685
32976
49252
45298
42532
10188
6822
29136
24456
31707
30765
18005
38466
38880
23027
47008
13301
28097
47817
33481
32011
43662
32973
17905
29680
31039
11847
18686
19969
47529
32940
23007
30506
48544
18305
39390
8732
41479
18526
49540
39538
49291
17545
44356
4523
6924
41364
34176
1374
5534
17658
33385
15548
16983
17642
45228
48022
29489
30267
34344
27018
13207
7351
23876
11752
42008
13266
36836
33487
48144
2729
23025
47436
20274
17382
18311
27199
25098
2488
28573
30632
36498
28310
46181
3481
45952
7761
17855
41793
38028
2199
35163
17588
25902
9040
45692
17910
38658
48880
1397
36803
1609
40775
591
38236
24509
18902
31787
49607
37742
10360
46592
40592
5022
42773
10425
17326
16886
28281
25471
21267
46832
10634
5207
22735
36026
899
6997
41037
16131
8395
27840
34093
15522
44783
22329
40031
30037
4116
5990
34132
30828
2582
24724
2202
11707
35150
19528
28594
29783
44999
16213
42967
21985
21420
15702
8012
38671
39052
49049
4802
47447
43241
5247
29321
38024
27576
35704
18061
48044
41694
2193
28872
10629
43270
31074
38688
28420
16954
33634
24555
28305
49847
17522
291
37619
49577
24655
26290
38629
40056
47445
36076
33297
2692
31749
37673
30269
17453
22086
44665
25499
24280
23538
36128
33902
20964
41169
12322
4271
24803
3229
48928
41003
20751
15571
28622
20328
40226
4913
8957
30282
2358
11385
29931
5050
43134
17604
1671
26939
39691
46337
2439
30323
36227
4919
14225
23543
46088
42899
27814
20892
46128
26743
28247
16879
8666
6869
3560
48893
11782
12517
45527
30492
40255
25459
1895
33389
9415
3566
10329
49106
16255
29120
45781
2482
34039
10006
26026
30128
19257
20192
17372
15385
46935
45619
48617
5602
2488
18529
20847
30623
31046
32726
11115
37653
8185
13010
21043
17601
32929
47724
33059
49184
43196
28841
1667
27235
5199
27693
7363
24457
14237
24735
6194
27525
36706
21163
49479
39195
39692
20326
19818
37091
3052
47285
24744
27590
10296
12139
11543
43225
26215
10954
8761
19411
39795
10428
46647
44995
4473
20362
35804
18711
11450
41998
46236
48156
13162
45715
37351
19206
32393
23521
6297
1797
20807
31042
29387
47455
9533
7282
7032
35749
18237
15793
5160
8032
42574
18159
19379
47047
38522
5183
32110
49972
13534
28346
48128
26696
40413
1832
12254
22806
41705
18552
24604
12512
15946
20343
26319
25479
27626
49703
11228
45863
15497
16389
20247
8071
34548
39627
21470
39422
11162
3581
39394
24696
48279
3875
17744
38693
5707
29999
27851
47412
48551
18807
26277
14497
39151
18948
6328
16777
18652
17557
28992
501
298
49239
8572
1198
38866
46394
40621
16381
16327
30015
41077
14607
242
25174
19652
5949
5173
13855
19714
20076
32663
45991
925
38166
14939
7253
4943
49943
24810
287
444
25108
49526
25368
42659
4745
21763
33280
21126
38090
29647
28555
19049
29890
3729
5053
2191
8902
18909
21905
45330
17924
34248
46255
6090
15540
3509
27385
15483
28319
27672
15928
19780
43550
7648
28791
48295
29411
12071
35773
33854
8070
30681
19255
4312
34410
40661
6504
9665
25922
44761
4995
43846
45362
1251
16288
10902
21112
43673
42737
15783
37697
25017
1915
31247
32666
30706
45895
28429
9129
31668
28635
17200
12349
14243
37864
13112
4904
10720
22777
30826
5482
44124
41024
17196
45375
7312
28098
16487
17337
37187
48623
5034
12205
538
36281
11223
31245
32176
6004
40374
30197
34640
23926
8898
48883
11791
22010
20139
38863
44787
17317
10697
38912
8341
27893
639
15653
22343
33479
49342
9531
32102
4376
38088
32640
40657
49311
30237
39186
5315
20612
35735
6307
10890
44633
21542
39033
16644
41681
27897
27783
8998
38594
33047
17339
16488
33687
49344
38831
33518
48686
48362
31972
19414
2802
14612
26424
2113
44850
15610
23781
31814
1345
46440
42704
45978
17983
31738
28974
26016
25987
6758
35015
14581
39805
18706
31069
39844
34403
36253
39714
49441
967
21686
18856
3770
36299
45280
22235
47501
27242
12368
45667
28587
8809
4723
40917
43144
2813
36244
19160
28800
43002
20527
43382
49159
39234
40803
5356
39989
43408
45070
39430
44376
16757
24638
48146
19408
19918
20381
33261
13512
49102
28928
8451
7911
33651
15721
1055
36465
1965
20215
31617
11319
40743
24999
10478
46329
32155
32186
36318
25563
27257
42100
19939
10366
33091
34437
46126
19361
21171
29387
32874
20273
8315
41325
44536
8318
7046
45591
11135
25363
32158
42753
36682
39253
34104
13513
1934
32611
45699
4604
24527
39308
13057
10818
16026
46148
45256
12152
15509
32779
41539
48383
3052
16206
6061
13940
40877
29459
25883
2012
4823
8041
11117
41505
13647
11574
5018
31933
44185
17070
36538
18712
22730
49595
45883
38757
12095
41139
909
27604
40270
8801
42340
9674
25007
14753
23614
32236
44212
49497
601
49035
7538
11718
6893
37537
39644
28263
19471
182
45333
22361
35246
18064
38308
31129
6821
403
38620
24082
28007
28890
32883
36699
38564
24243
1452
12178
6479
45665
11675
7080
11052
35566
35151
17945
39455
24795
12561
8926
41329
7894
47639
26576
42310
35947
7705
15483
36350
46326
39566
30710
25216
38801
17409
13781
13044
35214
42311
19524
47231
3987
42956
8283
39553
44459
42581
29008
19255
5142
4287
10584
29388
1926
3512
38051
37874
11218
3534
40576
23896
9452
21286
49112
48254
38696
29245
27650
40262
21557
13526
37493
41896
6483
12128
47801
942
21061
43161
36549
26203
47448
13486
21944
15727
16998
26347
19953
44568
29881
10529
18464
5686
31816
33929
20292
36864
29526
47942
27126
17435
11469
14619
9331
34304
43099
7132
35246
14161
294
38148
6716
14094
1634
28660
29821
34984
5007
16126
45905
1241
26656
14369
23279
8472
14650
43571
45336
44177
41513
38814
11612
19334
19785
37296
3638
12884
44428
38885
27045
11074
43385
33762
41521
11371
28774
37694
46355
134
3821
42260
1375
30477
22982
41006
5301
37632
34577
16989
48161
42442
5803
26126
11777
25588
13422
15415
38472
24202
20652
31870
1629
14037
15632
43150
41760
10758
30844
38116
10892
1017
46728
28619
31494
36062
19625
3147
40047
4202
20136
38208
46645
25939
30686
24774
17879
44108
40189
22704
34663
27194
4574
36292
7583
36558
45794
49344
47316
42990
3812
8209
44008
540
36828
41854
36603
6454
45002
26650
27008
15138
31210
23653
7430
11897
14779
25309
22357
4969
48013
23372
48515
18939
9664
6098
5497
5458
5442
2814
14801
9254
27375
8809
26147
14203
663
29102
37009
45665
22104
14018
27156
3314
4023
34586
31563
18803
9895
20273
40124
24261
43645
38639
43200
19662
11089
15050
41472
32884
34216
6273
8490
11591
15082
989
42146
32098
30091
29156
44115
2195
9526
21271
21862
29901
22209
19777
15056
48457
6402
5180
22718
48
10171
32270
19710
37613
47320
11182
20497
31536
17456
45339
9479
48890
46329
1626
30988
42772
47134
25104
44968
6660
12727
33182
2913
34937
19311
17970
33394
25714
39502
22464
25762
49674
4734
11824
3639
18407
39358
40488
49943
23166
35827
9423
22057
48508
27401
19397
41281
24535
10853
36249
47547
23581
35783
460
24870
5094
18430
8264
47160
7933
47080
22922
23959
1814
1098
27598
20221
40457
34438
36517
29975
20265
12292
18384
18774
39693
37782
10055
30580
14987
12656
28127
38568
14791
44939
29790
36237
13370
4406
33398
37655
1486
22672
27966
3301
23771
21916
39874
30580
6354
42743
10555
26619
5035
45292
11745
11080
33074
38152
41660
48061
808
36139
2982
31951
31079
32772
18189
10801
37179
1587
48456
5017
24259
26422
24670
14382
14690
14545
44962
21044
23640
21870
14015
28676
17162
25761
39756
16588
13913
47769
31001
31074
33908
33983
29377
14987
33108
47566
25788
36639
49153
40596
41656
39765
33370
16327
4147
48060
47224
49110
19104
20864
37332
33120
15892
20846
25233
22001
37434
5498
19770
18435
2924
3678
18771
32302
35018
1879
29868
27158
38518
45374
17755
46526
35139
17477
12853
39286
15538
26429
4748
994
13646
8432
466
45890
29278
25699
17891
16712
31198
4013
35148
474
24044
3919
32776
9062
22150
28997
36220
10668
24371
20327
23546
25862
37805
2752
15148
19695
29181
36249
20689
9179
44681
21156
5070
23960
13207
39313
7024
10757
43327
8524
11232
17371
28795
44008
26433
945
39357
29005
27965
13728
15685
1512
5942
3490
4264
21091
39537
49797
23692
10226
25329
34725
47734
30399
8685
10942
19712
32062
21699
29391
40586
32931
46762
19382
43292
39547
20327
32649
18553
48293
12730
34238
16157
18672
4080
20421
6115
43617
36570
29807
20195
11899
30885
17930
8650
39570
28872
28363
21632
16923
7754
28571
49855
20869
47953
9499
10416
18280
42148
45321
32925
21230
29559
15434
39903
49991
2207
46018
9960
38778
42178
46508
17029
23063
14438
25680
28985
9662
20395
16970
26585
44501
45541
42792
15370
9846
2291
25787
28126
10792
21108
27404
32022
17020
9190
21925
33363
11398
34296
9676
16528
42826
6184
33557
15889
20622
9237
11226
30284
29632
44548
23221
40486
40089
16014
5856
49935
18305
47995
44414
45449
19104
38170
27472
2476
47360
15749
35839
8758
45
11867
25286
42871
18051
25196
25112
38673
34433
2691
35309
30418
47239
24883
20904
3681
40897
43112
3616
25554
41108
14382
21004
10212
2552
48476
29040
16265
14225
31231
41375
30623
43099
33014
39846
11150
8210
31311
16176
8995
34002
17837
39413
47593
42720
26669
1274
49969
19782
4891
25524
10890
35625
46528
37454
4530
11356
16494
20795
41933
14077
28522
22556
7176
11536
28755
18327
36098
10066
855
45094
10420
18692
859
8013
27765
43881
9288
27734
13663
30531
3258
40905
32508
16138
44711
37038
27494
11205
24185
19428
25282
2708
8336
48811
30596
37091
33490
33047
13509
34345
44493
23929
19389
45352
48295
47154
5585
23935
41241
35600
20818
10851
26505
3326
26990
21216
6717
20836
48773
47254
6616
40408
49962
14953
39219
46911
18396
22709
29958
31906
23406
24451
22187
42795
36155
36834
6302
41741
10769
47543
43693
47939
8394
20199
17618
1736
7767
24335
22573
22893
21589
29189
13301
37904
44142
18872
1167
28891
7933
31125
10797
47691
21928
49336
40486
24435
36171
13140
32528
13292
10683
26222
11232
35430
46421
28850
37166
20540
19537
26091
43433
41126
5281
23086
45382
15775
8310
46549
44666
16243
27674
21815
13934
15954
21152
20773
40390
23675
33913
22918
36967
10949
15492
48199
12731
28265
43401
49897
48806
12938
25989
42239
20417
47622
31678
15799
13397
39988
12349
8064
22584
6375
29879
2870
22330
17383
39995
29072
41058
23909
18342
28026
1210
33835
42577
13941
12100
2331
30190
10906
15269
22531
19498
2038
36505
17528
17838
49903
23868
30187
24319
46452
2914
20550
49323
25244
37934
5670
20668
28992
45931
39011
23370
47141
22846
32300
27434
1298
34631
23977
28557
16252
12860
14407
18291
49366
31935
2481
15621
5803
32668
39940
18608
35582
10490
34283
27179
14776
39953
47847
10121
35885
3210
49843
49378
42408
32143
26813
43707
16774
17142
38616
49379
30002
3023
17670
45720
1310
20151
11341
7113
19171
1281
42073
21105
28124
26356
14636
42900
32662
12484
3021
18547
15694
2865
17925
24455
1360
11090
18162
34487
28232
6778
33866
24587
26153
17888
20307
27463
4391
31649
928
39914
32930
43002
11019
27406
35710
42008
20307
18372
4492
39680
3271
36538
8897
21197
10993
10258
48639
45507
11097
26872
18637
44963
1459
44790
29203
38118
22253
33594
19767
39534
39860
19050
32536
879
46456
34598
9239
33115
2971
13731
22796
22594
16622
48045
43791
43967
24655
42431
5827
35752
35655
24464
47067
3466
35607
26270
41584
24212
26216
11352
13746
16076
30402
12634
33308
43210
47233
42547
26326
16556
22631
49122
39150
5605
13519
49294
15924
38175
8077
21751
23927
43732
12568
37347
47198
48175
13617
5134
22387
39834
16486
36134
22262
13240
15120
5570
22803
28705
14470
49129
45261
37101
14603
764
9058
28122
16410
24982
16297
24487
46734
6577
34571
9302
43924
31769
7477
23893
36903
46216
30079
19742
48702
2342
49334
13823
24264
22137
42528
38734
21266
4142
42187
2221
4906
1245
30344
37668
26228
12993
12155
39314
35922
46726
48616
46198
44847
22445
20092
48102
18661
171
34196
17364
18865
33531
47539
43130
22020
40067
48216
43287
44209
40404
11860
15467
41649
42204
3135
34229
21550
31642
23543
7472
28368
22159
20023
39567
10956
40115
37670
45970
6638
21866
29686
25504
21749
27225
34986
43770
17292
33202
3409
27854
23606
15269
43321
31608
23826
12809
15837
45376
44451
39381
19200
39172
27892
39223
28739
5201
45690
32761
1171
18681
20980
30857
44185
42729
8082
45523
2851
25374
28725
6260
3228
18684
37882
12902
292
11708
25711
32481
23436
20162
21862
42636
9334
16107
48212
4426
21308
10254
37187
38831
28935
8167
19688
39472
17249
44122
34995
20100
35848
30073
42713
5429
48757
30595
18331
15401
42303
10394
47882
32091
46908
19745
24727
22595
2204
39291
27021
39864
49546
14208
28695
44833
38728
14735
34306
5977
8857
19301
42429
44705
15726
35142
16486
14483
15737
1169
29884
24392
11563
27767
6483
8472
13864
47563
31067
32420
36854
8088
22284
2752
38648
979
47586
43728
32066
48244
16057
40923
17545
8487
1980
33272
9981
34819
14107
42071
35988
43992
16463
47552
38111
39299
22376
18327
36862
3443
747
40068
27883
23031
42821
32883
40362
6759
42964
38780
5003
9021
46055
38900
33860
48035
38524
43842
49206
2632
35913
35195
12976
18728
32747
17439
8027
5123
35766
44889
24918
36513
1310
19153
25896
10483
2036
32610
17242
45000
21390
38597
20374
17445
27497
20586
31832
32374
30780
31039
1358
33045
16234
14334
1774
15333
31773
26153
36808
33891
37395
11726
20404
38705
30879
12652
49188
49267
45262
32782
10620
16652
21379
47346
34097
15228
17932
15929
47602
48713
13320
48960
31758
29554
29646
49884
11239
27771
26038
48047
11662
13433
26125
48418
2138
23356
11070
17678
38976
22684
460
49596
39336
38191
46942
39785
19771
31226
22067
33726
46291
35387
49038
28050
31294
28685
44286
42533
22808
20324
6933
34471
109
33058
49241
2247
22767
26664
36277
11743
49348
36737
27691
5037
41280
40985
11174
11052
22211
33241
44778
18503
34981
43816
12905
16275
22501
23543
25160
45310
43868
48445
46133
43977
31504
45374
12577
20623
22038
48854
48718
37739
1944
26409
42776
43224
17394
3950
4276
5957
3544
49054
40812
38525
42871
20069
21152
31724
43613
12664
43386
3833
11110
5871
47810
8966
1246
26739
29589
39636
41946
28307
43727
43890
21068
36503
37114
38462
6806
7743
10771
10350
23149
17936
15227
16020
38005
2731
14097
47970
15395
7483
1803
26505
13355
15966
1823
30953
42705
31412
36941
34651
26071
30669
44893
47139
33524
48360
1953
6682
6103
29077
33384
29252
47013
48611
11625
1370
17694
25722
49341
33090
49557
17496
25947
29264
33462
27771
26569
42520
25535
13511
43523
17959
10532
38417
15098
10408
36777
33404
17091
42880
12481
475
38484
9494
15439
109
27216
33133
42183
26557
16223
41741
44054
8523
37357
43868
2646
13927
36388
28181
43790
29912
46140
20674
18329
27591
31082
21458
10995
14525
30690
39828
15001
19174
15674
30440
19284
42890
13573
11467
19448
46149
19560
29854
4672
23270
23722
23670
3549
10111
1851
13691
6375
14344
34365
41056
8287
31799
12514
35634
46325
43204
25462
27678
12378
41136
8118
48014
34026
38043
25834
19826
34192
45394
49680
5216
35016
39755
28886
38565
16218
47090
2256
22593
27786
36621
13649
36073
34773
42515
38059
31098
2071
29873
8776
14449
37361
33246
28816
21387
21289
4650
7566
21834
16396
23598
27050
1413
13353
22289
39978
29571
19379
42235
18516
47165
45208
48517
49590
29981
41032
4001
27431
43103
33874
2559
23905
21235
35805
19073
8974
23447
23723
16540
45281
6471
40139
38683
24236
19844
10972
14215
49416
30351
22802
34284
43868
34362
32802
9810
30696
23834
13811
24479
33290
14037
27039
23547
35272
29196
42620
10599
18995
32695
27139
14276
39166
33630
19312
29755
3475
30284
10322
19243
26988
49476
3527
20856
33838
36329
47019
30886
26516
27182
5366
26158
41220
48757
49705
42844
44305
42325
3443
13301
41372
46935
43929
46890
30565
29593
26645
392
9878
36967
35987
3218
36443
5867
40426
36634
8548
37445
17520
35064
14628
39238
11222
22200
37995
27279
15044
48653
35956
18488
28306
27328
15423
38587
24219
12340
18181
864
29085
44411
37832
15072
47629
40627
20939
38055
27261
29488
41853
44782
30904
6481
34020
8479
28681
38368
35758
43725
3373
21715
28565
48031
49043
43988
36618
39614
22681
21151
40479
1766
15562
44663
16838
29543
35290
4130
17599
12552
49970
9452
23686
30874
32285
24058
39353
27318
28778
41464
21043
32151
13179
15961
30182
28574
9949
16801
18189
48982
4304
25020
748
36219
19683
33939
15762
21325
38069
49713
229
38039
9165
23915
35265
7802
47974
40971
35120
26752
32435
22516
25256
11966
38477
5438
40540
14778
38591
25081
13761
42896
101
14509
45467
36136
48448
11229
7462
2869
10943
7691
7260
36460
47959
42526
44263
12285
49849
29383
5389
48636
1899
30645
10602
6728
36084
17494
21507
41027
8928
35268
275
9029
16129
45742
45166
14578
6972
18980
33799
34267
43023
41060
20727
40982
49938
14990
3267
49787
10726
8657
48423
28977
39302
25377
35706
41738
9223
23565
49118
18151
8833
15745
43533
24962
11488
5051
5892
34812
24031
39692
19079
17054
47104
6158
8037
47042
37501
27656
46829
48227
36313
11604
43556
41968
36981
29262
58
46204
19179
49176
30708
28012
14922
24241
19327
42762
29292
41571
27574
3323
31263
13005
36729
28367
35515
11118
25409
23016
38775
38590
37595
41440
194
31152
33408
37175
26766
49819
49732
45946
48995
30440
40310
30269
21033
9637
23031
325
1209
16957
20000
48824
46314
23081
43544
31830
34200
18953
21198
22975
23896
8794
30767
24090
39946
14176
27618
33064
13995
27350
29010
29342
24142
19321
9612
45175
45310
48995
11852
46519
32305
48204
45344
44971
21285
5240
43153
5485
24193
14352
44812
14441
23146
25580
38532
29444
6108
32502
12508
36455
26204
7871
15797
16698
43544
41761
11873
38854
7109
40077
35374
5766
38281
47070
737
25918
2310
43891
47756
42855
24595
42568
23649
14093
34500
12181
43537
40608
11035
22397
43415
37239
46620
9213
3937
40164
17326
32162
29019
24435
38591
30745
46553
43224
44167
47291
19142
12829
7534
16898
22036
48481
25819
45685
12574
26671
24218
22463
33632
35253
11212
27047
38844
7833
36260
9133
47997
19939
41295
43368
10726
29886
24113
7280
39462
34632
20923
8605
47461
28457
41855
35850
43290
34026
31535
5864
10698
22106
44679
44330
23711
5891
37729
12556
13724
23990
21689
28074
10281
29337
21442
21007
25575
11908
28287
15038
12892
49210
23643
10354
44019
31850
12556
37309
32229
44091
9525
42927
32549
4204
3609
6261
26448
41338
18817
6524
31680
6858
34598
41961
36195
22393
29321
11771
653
7608
26809
13545
23171
16804
40251
17190
15006
2807
20852
47235
13251
46729
40162
45800
934
10123
2061
43734
17814
37230
258
49494
44089
1209
7808
46636
23602
37129
8407
40607
11089
1568
4152
612
18372
44404
34155
49731
13563
5007
46966
26814
1736
37129
22615
19022
13604
41028
29108
31418
44611
29367
47265
38700
30576
21425
1688
20530
24906
26448
27489
35995
28016
31641
2960
12741
42397
37115
12472
5961
8474
9438
49127
26562
12919
38094
45585
42876
29123
41045
24294
40086
20412
37911
45138
17340
9336
46826
4222
34242
23274
31711
36590
17643
29705
39550
30384
38454
26665
9208
44415
35139
34998
9895
11701
47918
47989
23638
40794
43464
14684
31440
33550
1448
19352
28688
35141
45040
41867
39363
29283
15141
37427
32225
32784
17132
21775
29520
5586
14792
38728
16354
16283
40079
42601
44336
37997
40590
34327
45143
407
49011
42935
33957
16811
12287
28998
1952
7328
20865
7668
2963
36006
45095
35188
35143
28579
23315
31015
517
38107
36096
33223
20742
26175
25824
15078
30524
16415
49405
25667
33174
14768
18602
17131
31580
47242
12481
49884
20922
33346
7552
23885
35705
18999
25425
37200
47578
48740
18215
48096
3199
4311
31319
23941
30486
7144
39019
11010
39911
38425
3029
23085
19545
37984
6568
17477
1578
35402
17362
22500
18748
41266
12737
20805
10266
38162
24357
24196
36902
42573
38644
6453
13236
19964
30394
10075
43460
19413
37437
49723
24190
40467
39160
43736
44803
12080
27565
46381
47482
44927
18881
32583
2546
47970
3388
12812
36132
44098
3360
39386
36671
42005
45839
16259
28321
42585
26334
21781
11998
13772
37856
2541
20591
27016
12629
15394
5448
40194
11775
2931
35122
47008
35514
4020
44978
5254
16832
47462
49352
20192
3200
2375
28549
15391
18635
6870
7976
44969
45003
19974
25093
32859
22515
45684
26227
1496
27430
31676
41691
5557
959
43165
18917
36473
47185
30247
41727
30369
27709
7432
561
47261
9807
45463
12652
28442
2333
20628
39764
47337
6955
14857
46548
29470
26894
22776
47319
20676
20804
39010
42586
21763
32175
11503
24588
29360
41751
32667
9729
35812
40099
26642
49426
49907
22105
12078
28349
40791
32707
34465
38128
39662
15675
1028
35484
8921
23804
32803
29597
10960
38165
38535
49075
20340
39
23663
16052
8142
6331
25781
10306
12782
18776
9732
12689
7233
21811
7391
48024
20870
8208
2504
26884
23883
3533
12368
32804
43689
11524
28754
4650
49689
17289
20077
36382
33680
10093
2434
41822
32776
44568
18481
45558
13344
28213
24600
36929
16376
31991
34954
3598
40199
3810
30482
30435
7343
9203
13239
1033
20727
8345
22035
36768
25635
8464
23150
9315
18557
25585
17490
1333
20153
35971
13244
49849
30536
37844
36778
13265
36187
21732
16863
42738
25543
47346
23173
49238
22901
2765
16623
43628
11110
38658
30396
36745
13475
19899
12413
32032
45484
46255
49718
31989
32226
12962
31838
29114
806
18616
42379
36993
6701
25595
29731
48596
22941
2905
47834
45842
22022
14458
5822
33132
19468
2570
36230
32943
22469
14995
31328
34305
11250
31046
16294
9828
44008
48132
38942
44814
33101
47674
48159
39802
23269
27890
4750
12562
47147
2584
24756
19169
33394
46930
18654
19215
49500
4884
2158
38322
19879
49838
22627
47481
30884
38922
7309
24892
3406
12603
36058
36507
10277
34217
26309
49898
28460
47411
12460
41959
49996
37216
11129
49742
34146
46135
18957
49999
1019
37468
38321
37250
37306
10948
34731
18191
16222
8392
9435
19629
20995
45494
22488
47625
29711
15150
47523
8171
12561
9984
131
12557
13552
27612
28652
14051
23747
47609
30402
41118
1429
18723
28368
5088
46023
29451
23279
28598
37843
32714
14579
25190
44560
37067
22815
24272
2217
20339
48795
14779
46675
48926
43688
26579
42890
22340
6982
16637
36302
37384
24107
4083
22459
18827
9171
34835
48278
32450
13433
2473
31517
28012
44016
42429
15079
16831
16701
17297
3522
15497
48428
16549
30775
42116
9481
23666
30809
16463
6655
17111
20200
30763
21194
42659
15942
46718
27494
30573
45520
7279
49398
43389
35291
43414
35819
16723
26598
2520
372
46472
34369
48800
29374
15145
7268
38855
5163
38077
21670
28170
21540
41870
25285
9087
882
41228
5805
44728
21801
1325
2008
21199
44715
3651
30966
30534
20374
7564
49406
20746
4036
33776
19546
33410
15273
26815
38617
36788
31244
10288
14958
2785
18510
40244
11872
19392
47824
34029
30473
19625
35354
32481
7176
30069
36132
38142
26955
6507
45706
26362
43605
16095
26490
13152
15857
41763
6319
20827
44903
37563
31115
9861
40348
15977
16457
18572
35370
14281
2601
32195
33906
4308
14676
7435
729
17160
45577
27685
23667
7636
20399
17273
40083
46889
46777
5940
5004
3096
26767
49907
7011
24234
26120
13712
40212
42578
48636
41934
6859
1238
24129
7118
21898
5157
14553
22627
22317
26482
16664
12337
34118
37063
29610
24201
304
42739
46494
5308
12187
39613
21567
19198
30200
14040
32910
20412
6618
31547
28698
29829
49137
19179
3299
21035
24336
34204
43662
46653
27039
26679
25342
11157
13742
4952
1711
14047
14043
14557
35707
26230
4170
23627
45429
34370
37667
44691
21134
10637
26238
16184
6818
41727
35363
10118
29114
26051
10674
39129
39057
37713
15808
14399
15223
29550
35704
16934
9949
49747
47843
12009
25978
2013
35636
21407
2736
39655
16098
40222
292
8689
6407
7110
16768
41770
33580
45883
34174
44255
35012
23231
48320
820
37630
13543
46722
23334
46829
6672
23082
44672
18681
15412
13038
20669
36819
15774
10324
19269
5996
10616
44310
12403
34078
11079
20526
17659
23314
4700
28266
8326
27931
26586
25498
31913
40130
22220
5248
3311
45244
44682
47984
30277
10094
11022
17298
13265
26796
27622
48886
49144
4590
43197
27900
5021
20628
14778
39032
43942
35830
17298
18620
30113
10236
10470
12026
16718
49042
33626
20030
10639
44660
18014
40916
21106
45388
24567
34371
38536
18541
33258
37680
23132
42807
31932
44505
29787
46710
33537
40081
32540
17187
25053
29005
43775
35523
41032
10494
34565
41010
46876
45204
35671
31242
2473
6777
26630
27040
7501
15166
11933
40759
19198
35065
49918
1131
45922
29705
14193
29459
36138
13086
12998
11191
42091
6774
46714
33123
33620
47631
24134
30496
9188
26157
11738
11661
32934
4720
5053
40435
19886
16986
47546
39084
18404
47464
6567
30678
43521
20761
26490
29659
33847
39488
40850
25938
46262
3916
25414
29882
1548
15900
26730
10736
42057
38468
38749
24991
43188
10154
31779
29426
43492
45677
34863
28248
9494
41430
8927
3015
28543
35417
49027
12390
41257
6229
4681
3872
10146
30095
106
28046
45995
26837
5134
38052
31657
10235
29395
41198
20389
27526
36976
30233
23204
21839
8482
32698
29622
33761
2065
8165
35530
17444
20556
43139
23674
41589
47011
172
21684
47118
44570
34031
40307
49704
38435
21964
9939
17830
29514
46680
11709
16491
26913
34913
4682
1747
33963
34304
1860
2380
42470
3742
19825
29378
46882
43499
20967
43893
10023
9003
7363
4593
43034
47670
20649
31469
35987
46940
15651
31853
43620
27360
48344
36885
28625
3027
4985
12588
3683
6845
14969
46153
10588
1146
25531
7470
44645
12850
17715
21020
21853
25079
41965
31239
22749
12614
12708
25088
9554
44712
6942
19526
22072
5286
22763
17050
24665
27748
45990
44701
946
10959
40854
11534
28457
32738
35356
39454
11940
19423
10474
33794
44502
2439
15033
33604
31405
44094
8692
7311
38806
15634
26837
27230
37273
49601
44280
28290
27349
40271
22991
44647
17582
13846
6181
46040
12936
7889
35494
24876
27313
12321
25022
38167
14760
6408
21771
12518
502
30464
19829
5660
46098
46667
49242
49723
12620
43523
28014
6321
146
1005
969
17728
31203
23502
30120
10491
31392
15615
35368
25057
27936
26742
13224
9048
33150
34996
21566
4
31812
7748
22016
27910
20767
21259
43986
33387
14782
22000
6060
31280
39357
7029
49008
20561
46884
45481
31052
44628
11096
32772
19685
5384
9515
49261
30784
9017
609
18703
9022
32421
26451
31038
26684
47218
18649
20670
46957
33431
42670
3017
14711
48379
26399
30072
18940
23283
25553
16345
17911
3001
15469
37596
24737
41336
3209
21873
354
3819
40576
25728
36240
33379
23118
29276
30597
41768
49946
43906
41551
8968
46924
22615
7348
23323
2687
42640
12958
44592
8985
30869
13945
40807
34817
5034
32143
38026
26907
32497
8197
17484
8225
44438
863
47696
23714
47813
39464
40013
41719
31015
48981
4995
3630
22681
44670
22669
15322
7628
17261
40659
38497
47558
31466
39666
2592
13610
44045
29500
12459
2242
13336
37037
13032
14199
34733
3099
28364
24197
43112
20084
5212
8445
25079
25195
31127
19750
47864
12801
43730
31478
3460
48580
45388
1279
38246
47981
31241
32291
43833
43700
34534
7169
30737
13918
37720
31822
17017
16085
6019
10129
2521
27584
34927
27600
19131
32406
13702
16995
45207
23785
14825
15019
22365
10214
16298
10611
8195
47539
9255
18380
7592
43789
25549
4681
7707
29621
36504
41077
45706
8875
17558
48227
2811
2485
42180
21942
34891
22234
5290
46450
46019
20115
27822
18384
46681
10472
45348
21228
24364
4603
39608
31956
14744
31509
2989
38803
11131
39493
29880
6837
14721
47439
21417
17532
49924
29949
39475
1168
18535
11117
13970
14555
31232
41792
49291
27914
2265
10991
15494
42981
15594
5103
24937
30338
36612
27926
19142
47743
33772
49022
20933
48493
12813
8702
16025
29090
38651
21852
30258
7186
32969
10580
38093
30554
18725
3737
24820
37342
14728
40314
30323
30323
45417
21612
27013
48382
15890
46155
46125
49662
11530
33410
48155
24343
42112
30533
3433
47115
18737
43
4302
1707
26976
8747
48613
45701
12484
23433
33043
27213
30099
29718
23888
41869
1330
901
40251
17220
13409
2728
33235
24939
2491
31390
15634
44603
28275
35420
41719
47013
1815
12373
15072
28791
21120
30037
24492
49957
19822
23887
43522
49921
3605
17410
8142
21287
34663
48393
38508
48072
17474
21743
39363
19965
19485
21350
30920
14113
6770
38991
27478
8585
1364
42550
37377
38837
22587
28221
38794
42409
2109
48668
8682
22066
16078
16825
43354
741
31570
31862
15166
15396
19957
4529
1713
5794
25879
32634
19907
49001
21625
47385
7587
39342
6287
11316
28179
28874
39537
33325
37635
7998
31993
12670
30065
14423
29495
39771
31516
27417
37985
46682
42814
7942
17564
44527
13736
9795
43513
49996
8797
15139
47381
16384
20833
3669
44052
49012
48895
33589
48689
36531
7940
47034
15553
4357
11457
45048
44128
42973
22465
32113
6008
31631
40055
23572
26159
20143
49719
19672
20139
8516
1163
17521
41252
21996
37542
35304
37360
36437
35246
2401
39320
43186
49435
4873
47543
27244
16273
8023
36570
5091
40136
42578
36722
30191
32502
29233
16686
32221
15258
36826
40738
32773
20699
48342
21122
8241
49999
8482
11030
35245
27236
351
44783
26671
21576
8678
3916
37850
16701
40486
42941
6837
49416
46015
3380
31918
41601
20066
30491
6859
23244
37581
39632
10295
35924
27106
34888
35923
35589
45919
37520
29177
46270
32303
5848
34198
7333
26116
22048
24034
32954
31341
47223
48722
43709
16955
30640
35310
3373
27484
8521
26618
15065
48153
3265
989
25260
38154
3264
27201
34073
40784
6378
46695
23087
28578
30893
46772
21047
19294
20806
20353
635
34381
19076
10696
1336
16068
46006
4710
43552
4527
47680
24970
19033
945
25959
10645
39099
29224
4198
23172
36360
26928
36219
25800
21858
17113
22572
42905
2759
43379
29611
3394
44112
48687
14091
45449
31107
26449
16511
24660
47329
14191
49630
16362
15136
41941
43359
20588
37517
47557
10112
23878
24485
46332
49678
46343
29797
22250
5601
32556
31981
35212
35950
42446
251
16393
37895
31358
9195
20758
22370
6524
34949
38352
22886
16437
46646
16245
37025
34163
30154
47138
24393
20991
9822
40423
33686
39619
29026
39287
22175
27359
40851
24477
19805
7454
7223
24052
5165
16418
44810
43887
22942
46111
32240
12180
12549
45238
44777
15926
45753
41283
29416
20147
12274
39238
26922
45960
45209
22300
1600
17384
49660
42451
41862
35817
16258
49085
9870
21423
31855
21032
15310
4797
17144
13902
33329
46045
9140
44458
28323
4894
35741
24092
41393
48015
13330
34667
43975
24892
6968
45575
42276
6628
4379
490
42445
36989
49575
18667
8412
31430
39700
40074
2579
23196
3977
35908
35593
29469
46718
13916
715
32459
38008
42108
30474
17691
26776
40802
42583
33744
2729
1211
6724
23460
1702
15521
10449
17629
34189
35213
49060
40241
41640
17991
29789
11969
3900
15382
41438
16970
45650
42154
49430
11
614
46256
34054
43742
37058
42989
43838
6140
44200
562
29600
12254
32436
6402
29884
16625
41615
45296
23218
33255
13287
19359
11576
33539
1093
3015
510
13095
11521
49940
13106
28487
46196
13512
22230
49607
6501
16068
5747
17054
32983
1699
45660
15419
8101
25544
48396
16069
20840
37966
15676
34128
7325
27253
34019
8418
30268
34529
37865
8141
821
972
36628
47018
14484
8858
12977
37338
41279
18724
20744
24262
36775
16404
6033
44877
41949
20781
10946
29141
8747
26622
29621
32424
3875
13641
40842
495
14522
28707
8636
15344
46031
45265
28714
26868
20475
41691
30558
11754
26767
1302
2368
13542
17706
24753
8419
26007
45534
35717
5149
4281
12340
1122
36705
32567
31115
43899
33063
45638
38959
41699
10982
1342
3316
39696
44562
23792
31387
25120
1898
8154
26422
20619
38048
10481
11724
46468
36488
7259
48537
7989
27892
10877
9112
30950
43445
6579
41201
42860
2217
46512
911
13199
14207
4228
2895
8769
44372
634
33890
12622
25140
26664
49593
13189
37145
11318
26009
39986
34929
24546
47975
29173
1776
23439
26475
11573
30019
17677
4433
32236
30541
5344
11788
11100
25924
31035
19870
20296
31670
20112
49271
23162
46776
48864
2703
274
10182
28712
40260
11463
19611
4587
40637
37739
44379
17112
49312
24398
1141
20097
22986
48035
25441
1126
9135
1366
32162
45357
38014
30184
15469
37285
3346
28598
36150
22402
28872
12684
17466
35484
24148
37077
40071
31137
41168
802
14601
40480
25200
32095
10577
14539
30130
2371
32017
5617
3737
14179
975
41751
10715
32796
29037
30414
11394
31539
2816
6618
44223
20282
42102
18371
23712
48526
15860
14880
49328
30462
21713
40881
12557
48642
21772
9039
1013
3789
14656
21102
34321
31983
29206
11388
14780
24595
41802
26174
6134
44618
49145
357
31253
7599
35081
21317
22477
941
36197
21806
47755
24262
29039
10312
39257
17163
35703
6622
37304
360
27725
37977
48695
23283
49366
13475
47878
7520
6002
4012
18491
5147
20721
49744
12746
22154
21061
35224
39448
23610
23382
37203
14225
18773
13868
3482
2288
49571
26456
5944
16283
20533
43922
31331
43816
9640
44806
41694
17160
17160
12058
2003
22307
49132
1747
1406
21286
39160
2982
27086
29123
42716
14290
9700
27841
44510
29534
46481
10433
5990
2425
43069
26524
12699
24400
20340
38691
19206
28387
5852
2719
6797
7855
25026
22281
25955
42784
9920
31467
12118
37006
26942
21186
17648
36642
49027
28510
16176
11860
38944
38519
14286
32013
15043
43337
6413
1735
32029
41971
46474
4233
44690
19624
28440
36069
41905
4395
45205
18177
2215
7324
5184
29157
28510
39184
32152
43890
17695
14680
5750
6639
3199
36388
5004
18242
29726
27769
36330
11755
19740
32804
15988
30783
2428
10780
33204
10686
15176
28409
28863
33743
2085
399
29252
46948
39584
11404
7190
23631
26085
29292
30270
29284
15681
1626
13879
11759
29395
16561
39866
15487
49365
22206
12622
18146
32986
45826
45184
14514
40588
40399
48257
42673
40799
27510
39621
46735
5266
46811
20366
31351
26104
16988
26988
8137
18614
7219
19896
14361
23780
9762
29848
39497
31968
42471
23995
31306
38297
19179
45821
28885
25931
44078
37911
33082
37940
43884
29817
43207
7048
16535
40910
49504
49875
17898
7641
18489
41469
43889
49202
15249
20003
29050
21099
18323
37873
45094
49629
26171
30626
45450
21408
6557
5881
25671
39639
43821
19556
35808
37028
26604
2343
27939
26108
2218
12189
101
37059
3659
43990
36261
35260
30345
31663
6359
48668
19537
17806
48297
12060
48432
10100
33468
21341
15981
25492
10980
9802
45048
46788
13183
21652
15483
7474
14112
34053
19663
14213
21112
39674
24555
23725
41287
21252
5388
13998
19920
24925
31804
34569
36985
30236
44669
36806
17929
27002
12298
28909
36805
23698
42049
49988
11702
23884
7462
25814
7937
43477
6379
29049
49504
47286
19126
40791
18538
24515
4789
4810
15792
36594
39379
2778
33182
401
5936
1112
27403
34586
46373
14208
8284
38423
30548
19986
12307
4362
12152
36597
14192
34883
31998
13696
32169
1125
4487
17059
25640
25628
21869
41432
12222
27600
10562
11757
28001
32850
29221
21757
17436
25594
2317
42072
30369
32866
28410
9029
3580
40562
45626
17772
25445
27624
31468
23966
28749
2307
7377
20741
27936
29246
28526
6510
23199
39088
18267
17552
38291
47488
39309
5727
39435
41627
14152
19804
40845
42562
28833
44425
33125
40811
28550
24922
34788
10018
15241
13537
28678
22618
631
6614
18217
29157
13124
41416
34597
47744
8968
22888
11584
48278
44968
1019
6257
9120
37176
47102
1682
32361
7879
1159
23173
36429
42434
7961
12800
7675
37850
41478
46645
38481
48092
14862
17638
27568
22630
2236
41664
47951
25124
3249
12581
36444
20620
18838
45564
7796
15940
47247
40158
23819
14758
13331
26601
7192
37644
39401
31219
25494
30879
44217
30328
45323
9079
47966
22891
48062
16554
30908
46013
8031
34157
8594
44475
4777
43784
40040
28926
26076
3639
19084
49895
34749
48767
42848
41942
36411
32249
39513
28257
13128
33730
8585
8451
9162
22904
47695
23576
39458
28603
35941
47489
29112
44535
41965
241
4671
48357
29167
30747
1996
48251
46994
3097
47018
39843
11391
49781
22092
905
28039
1573
987
2976
10024
26501
25880
24071
77
15339
19026
36018
29180
48138
46905
37497
48380
17928
35854
27547
48675
4202
42151
45670
7300
39169
35513
18691
5303
23957
35948
49694
25530
3288
2670
1907
29789
28551
25978
46219
10242
45005
48589
39422
9495
11847
26920
7875
29775
29126
1775
28451
49681
43926
40473
6981
49447
25986
42024
21102
16295
44325
20796
41826
47613
23467
43733
43754
18370
36063
39973
44964
47420
4915
34386
6916
16762
27658
31143
12889
23137
49270
41340
22818
43196
48165
46151
8996
24151
4527
30098
40447
48852
895
48625
12817
40714
8710
6572
25436
44773
12897
20400
8546
17812
21138
31814
34574
15149
12957
13816
38286
28580
21508
27456
21776
19674
39959
47124
10177
44486
27223
16976
9691
44470
15601
38860
1536
24311
45432
26972
35437
8330
47372
43983
26142
34862
25797
27069
11
5106
7237
4649
33686
28745
48457
21815
48419
38416
18939
8597
49255
12514
25573
25298
6984
7527
14158
8520
31838
9591
1844
33627
34273
15568
27610
26767
431
19759
20188
16794
41218
27425
21444
24904
6171
36253
13071
4590
24670
32011
29539
40277
44525
5113
15575
17862
12640
29733
42734
10830
5676
44579
10810
39949
10147
38420
16717
26930
24532
3257
43725
15750
30683
31521
7006
36854
34126
20078
7796
8796
18441
37336
15425
29318
42449
31000
47180
21441
27086
6267
48623
32762
846
9433
39064
27345
14206
22133
20628
38738
25390
30705
20840
6073
28578
27846
42927
12704
14276
17076
37853
32717
4412
3278
12036
13213
34279
25568
34654
11365
31835
49629
10479
49033
9063
49543
42731
39621
21676
13359
44711
47067
10416
15551
19492
38994
9749
28772
1698
24026
45848
39551
6743
260
42830
35131
13473
43461
10700
14479
21178
8887
14108
31657
7921
39523
47553
652
45496
19229
30363
40207
32648
40779
5758
2141
29773
15508
30913
47823
39534
26761
3727
12629
43373
12909
47761
6846
6370
24813
37677
43900
33700
18137
41909
41621
24013
39462
8625
19509
25044
5340
9717
7692
46119
15475
26185
42244
47335
23450
6420
3221
16563
10147
32203
9936
23056
29964
33134
45778
21129
20811
39678
4829
5301
31587
12803
29314
37402
21428
48823
12446
26769
8540
36490
39240
24016
29028
47837
37703
2478
4257
40925
19042
30756
23128
45330
20164
19444
44817
15942
40573
15628
21972
11754
20929
19911
24557
16595
7313
12338
15419
36111
5459
23959
22602
44699
14327
1630
8888
2031
20460
13145
9308
5854
10253
48788
17537
30417
34584
12354
12711
25157
44334
1035
3263
31616
20947
27821
48211
44612
6511
13630
30724
11970
37590
19678
23021
1917
21308
31910
20300
8120
11407
45960
13975
21661
44748
31512
2078
29332
43866
31142
20841
38200
32177
40457
36168
19476
18278
34380
14089
41141
48010
44813
3111
35600
30843
26132
3870
18503
8042
40522
26623
19450
36483
6950
41111
47583
38462
9541
43268
48680
7035
30461
3233
39213
20918
39401
8689
5548
40133
39130
46689
38144
295
49800
40096
31138
42285
43966
49641
327
841
26265
36129
3676
33215
43592
1259
38030
3134
10879
3062
10169
41341
22647
15734
12259
28401
40776
34160
18534
29906
30849
6678
30202
47002
46775
11340
39287
7093
27334
5966
24286
3599
42096
27962
3166
35688
45574
7548
5174
6453
26963
15344
47794
49610
47430
26406
44363
38206
10566
12898
34465
7767
35928
31019
4769
49055
8711
10408
22501
36045
16375
46787
5996
8471
24750
9163
44159
20324
33063
49334
26777
10026
31030
40924
25989
44812
33682
20352
49371
44248
33250
33836
18367
35531
14855
23137
34586
23566
33545
7087
25964
16272
3875
31960
24743
44977
7475
35255
15301
40539
34589
8430
565
31971
15706
26554
26783
49388
46907
26154
43636
46509
26342
12004
32040
7549
1493
32979
47468
1390
40066
23432
17663
10293
5392
8758
5270
29220
44013
20571
19759
28602
45354
36676
26925
11060
13231
20061
10449
26490
46215
20437
39351
38910
48793
21392
46459
286
20723
43927
18029
10789
33711
35692
21083
5456
44450
26353
34676
38464
13277
4435
33418
8631
41111
26696
36043
20694
46757
46492
13536
9324
16930
2888
48234
15723
40632
44694
32362
11355
4973
391
22144
38685
2435
9579
10493
46885
2285
45169
1701
15562
49604
1472
40545
7067
28168
26588
44114
41277
23081
7650
601
6363
10538
48836
38438
17522
9882
20800
28877
14855
37543
17374
19892
39978
43305
30385
3216
45590
41906
4917
11152
41510
22741
18049
14930
909
44638
9044
42186
34071
16694
9140
40434
43585
7976
28872
27459
17858
16025
22689
49065
3568
40063
35310
9899
49720
32047
13115
45311
23954
18032
22815
31816
40774
40865
46746
8035
35503
22142
16574
19574
5189
25714
26360
15126
42
21584
42585
34252
37609
15274
49669
7530
21689
34979
17429
21410
33379
30544
16721
7333
14928
39536
5501
5702
46753
18600
30090
32256
40742
13016
18182
45931
5082
44542
11057
5124
32479
19995
39376
20088
35269
5397
43970
6959
6729
27751
28369
40108
8295
11442
13793
23224
17330
19294
45278
14084
4246
41720
12692
44989
4736
30875
7272
26170
41769
34682
31294
24248
4677
37022
10689
6298
42420
21011
13257
49149
48763
7978
5609
7058
19420
35754
46634
36751
21400
8265
17187
25647
16337
29879
36988
21074
27106
44260
47244
35228
45294
44891
25828
16323
48265
2869
22622
40685
23881
2231
6186
38996
10210
28147
12406
45982
13901
9041
49085
35302
33658
32624
10949
49995
12504
47937
37421
5962
8549
1018
7542
3844
12261
33371
36519
10526
2592
9141
17564
42825
27725
40102
31821
4287
18250
44228
16621
48503
19621
15707
33805
19631
48331
11106
19626
27187
25395
23400
49502
33945
24418
7044
4141
36679
6767
40660
13557
9360
16154
31121
2185
10231
21224
359
14518
5826
44587
47491
4329
30560
13198
4487
191
27882
15593
19817
21421
40989
43217
20923
41286
33987
44320
45427
37018
1087
2439
576
26799
34945
31697
45337
11528
19273
45696
26046
25099
40283
23538
29429
20843
3088
33916
37386
47322
15861
7203
35096
6850
16773
22371
48136
17112
16691
9915
4131
34131
28707
4707
10930
30004
2756
6267
41533
22030
18315
33931
13481
8598
23821
9262
45793
43262
9530
33179
40584
25392
6735
25680
48594
23508
48052
13083
6972
31095
22998
11103
15226
18057
15810
42509
48062
34919
15128
39595
6949
33444
23526
20430
8394
13700
29693
4188
6962
39223
3719
47546
30967
26806
39579
29562
16666
3983
42645
23639
1430
31995
34742
33009
16405
16905
25518
14467
1824
40646
20414
25125
40442
10292
45555
48837
23992
41600
19377
30954
47176
23096
44853
44495
49903
784
24057
16569
4767
33054
40208
22549
15050
41303
5558
31455
8208
31076
12274
10032
38075
32688
35157
28517
9332
47064
43706
33325
5017
13083
30631
18545
2532
41836
13040
18787
42620
37098
1708
13739
36504
8269
36289
1554
49572
41847
49361
24132
39276
27987
516
27351
27027
35673
22220
36360
49089
32279
36037
20458
45362
33020
39003
14246
24857
18396
33033
17477
5494
34742
31217
41998
9363
33858
9905
8935
25705
25618
33067
31333
19958
49935
25036
46985
35608
13609
49697
1049
45888
35734
37860
7602
35107
26863
21849
9964
45259
21234
43793
17105
5976
41362
25456
31691
25220
1713
6978
17278
43683
6397
48611
13641
6332
40000
10627
8292
3609
10324
9342
49497
12411
47202
7099
47518
40417
28948
23834
2029
16535
17627
35486
38863
8990
10942
20555
562
29007
27533
17840
22691
33931
32804
2684
40263
22804
13311
48556
26413
39988
24250
42262
18751
37804
49361
32621
28221
44662
6455
46602
11197
40434
32089
60
15776
9383
36967
16339
38391
14501
531
27434
48432
49687
30118
5047
22491
43430
3603
15256
49770
44205
7518
34873
32009
23232
17494
10231
34246
40301
23185
11795
47087
5274
28207
12864
14658
15175
45555
19401
46028
46086
46835
10812
45774
26953
15859
34617
36735
35815
16226
2857
30020
23744
37730
12030
13328
21576
38613
13926
28229
11798
25721
25317
33425
20281
38181
14435
35456
33736
33836
31484
46174
47023
42296
41948
23976
24507
42918
27064
10322
9144
46273
40343
49240
34004
2373
12569
21932
7338
42847
162
19136
18569
25479
2561
38850
13660
16996
40658
13748
17184
38494
9922
14207
47142
18223
4536
21649
27493
47952
31972
36637
44225
38667
2229
44581
41040
31150
16514
48378
23998
33028
33866
8919
8507
2780
47769
38519
36128
4779
2267
3313
43273
28541
33872
40415
13116
38408
12064
40609
2712
10388
43598
46938
49055
45828
41519
6447
26978
24385
21177
976
7413
21396
9895
15920
24176
24016
20791
10304
28795
39410
29969
38420
17952
13842
28835
31068
18602
7252
38030
21315
17640
31628
34605
33048
27456
42476
39495
4435
16862
27025
21763
40627
48421
48011
6548
22597
22027
43691
49253
17175
33102
29223
5595
1054
9417
34431
48474
44371
8035
36504
32038
25675
18133
16643
25075
11941
9120
14571
32728
42334
7948
4492
32961
6369
2503
5861
45318
40882
49553
44571
8057
32655
40146
30005
61
49563
30788
14887
10287
38823
17744
42325
30850
2229
8969
5926
14170
34441
36849
46899
26775
